4294967278,283
4294967279,309
4294967278,304
4294967278,57
4294967279,287
21,8
19,4
4294967278,56
4294967278,55
4294967278,54
4294967278,53
4294967278,52
4294967278,51
4294967278,50
4294967278,49
4294967278,48
4294967278,47
4294967278,46
4294967278,45
4294967278,44
4294967278,43
4294967278,42
4294967278,41
4294967278,40
4294967278,39
4294967278,38
4294967278,37
4294967278,36
4294967278,35
4294967278,34
4294967278,33
4294967278,32
4294967278,31
4294967278,30
4294967278,29
4294967278,28
4294967278,532
4294967279,286
4294967278,27
4294967278,514
4294967279,334
4294967278,26
4294967278,282
4294967279,137
4294967278,25
4294967278,137
4294967279,318
4294967278,24
4294967278,531
4294967279,337
4294967278,313
4294967279,317
4294967278,312
20,29
20,26
19,29
20,4
20,1
20,5
21,9
21,7
21,4
21,5
19,1
19,6
4294967294,76
4294967294,36
4294967294,41
4294967294,39
4294967278,125
4294967278,124
4294967278,123
4294967278,122
4294967278,121
4294967278,120
4294967278,119
4294967278,118
4294967278,116
4294967278,115
4294967278,114
4294967278,113
4294967278,112
4294967278,111
4294967278,110
4294967278,109
4294967278,108
4294967278,104
4294967278,103
4294967278,102
4294967278,101
4294967278,100
4294967278,99
4294967278,97
4294967278,96
4294967278,95
4294967278,94
4294967278,93
4294967278,90
4294967278,87
4294967278,86
4294967278,85
4294967278,83
4294967278,82
4294967278,81
4294967278,80
4294967278,77
4294967278,74
4294967278,71
4294967278,70
4294967278,69
4294967278,68
4294967278,67
4294967278,62
4294967278,61
4294967278,60
4294967278,59
4294967278,58
4294967278,23
4294967278,22
4294967278,21
4294967278,20
4294967278,19
4294967278,18
4294967278,17
4294967278,16
4294967278,15
4294967278,14
4294967278,13
4294967278,12
4294967278,11
4294967278,10
4294967278,9
4294967278,8
4294967278,7
4294967278,6
4294967278,5
4294967278,4
4294967279,132
4294967279,131
4294967279,130
4294967279,129
4294967279,128
4294967279,127
4294967279,126
4294967279,125
4294967279,124
4294967279,123
4294967279,122
4294967279,121
4294967279,120
4294967279,119
4294967279,118
4294967279,117
4294967279,116
4294967279,115
4294967279,114
4294967279,113
4294967279,112
4294967279,111
4294967279,110
4294967279,109
4294967279,108
4294967279,107
4294967279,106
4294967279,105
4294967279,104
4294967279,103
4294967279,102
4294967279,101
4294967279,100
4294967279,99
4294967279,98
4294967279,97
4294967279,96
4294967279,95
4294967279,94
4294967279,93
4294967279,92
4294967279,91
4294967279,90
4294967279,89
4294967279,87
4294967279,86
4294967279,85
4294967279,84
4294967279,83
4294967279,82
4294967279,81
4294967279,80
4294967279,79
4294967279,78
4294967279,77
4294967279,282
4294967294,81
4294967294,18
4294967294,14
4294967294,20
25,113
25,112
25,111
25,110
25,109
25,108
25,107
25,106
25,105
25,104
25,103
25,102
25,101
25,100
25,99
25,98
25,97
25,96
25,95
25,94
25,93
25,92
25,91
25,90
25,89
25,88
25,87
25,86
25,85
25,84
25,83
25,82
25,81
25,80
25,79
25,78
25,77
25,76
25,75
25,74
25,73
25,72
25,71
25,70
25,69
25,68
25,67
25,66
25,65
25,64
25,36
25,35
25,34
25,33
25,32
25,31
25,30
25,29
25,28
25,27
25,26
25,25
25,24
25,23
25,22
25,21
25,20
25,19
25,18
25,17
25,16
25,15
25,14
25,13
25,12
25,11
25,10
25,9
25,8
25,7
25,6
25,5
25,4
4294967294,7
4294967294,22
26,37
16,93
26,36
26,35
26,34
26,33
26,32
26,31
26,30
26,29
26,27
26,26
26,25
26,24
26,23
26,22
26,21
26,20
26,19
26,18
26,17
26,15
26,14
26,13
26,12
26,11
26,10
16,5
26,9
16,15
26,8
26,6
4294967294,935
4294967294,933
4294967294,916
4294967294,827
4294967294,824
4294967294,822
4294967294,60
4294967294,468
16,193
16,76
16,48
16,79
16,81
16,29
16,92
16,46
16,192
16,71
16,22
16,78
16,84
16,38
16,69
16,17
16,90
26,28
16,75
16,55
16,32
16,13
16,58
16,62
16,51
16,27
16,40
16,88
16,68
26,16
16,42
16,19
16,82
16,39
16,145
16,144
16,143
16,140
16,138
16,136
16,86
16,134
16,133
16,130
16,129
16,73
16,65
16,45
16,4
16,31
16,26
16,21
16,18
16,16
16,14
16,9
16,7
16,12
16,6
15,4
4294967294,969
4294967294,966
4294967294,965
4294967294,910
4294967294,903
4294967294,901
4294967294,831
4294967294,421
4294967294,190
4294967294,176
4294967294,173
4294967294,163
4294967294,162
4294967294,161
4294967294,417
4294967294,52
4294967294,1411
4294967294,83
18,13
16,142
16,91
16,139
16,89
16,137
16,87
16,132
16,83
16,131
16,128
16,72
16,70
16,67
16,64
16,60
16,57
16,59
16,56
16,53
16,54
16,49
16,43
16,41
16,37
16,35
16,33
16,30
16,24
16,11
16,8
16,10
18,433
18,228
18,419
18,76
18,422
18,216
18,550
18,412
18,86
18,406
18,215
18,405
18,68
18,393
18,214
18,470
18,255
18,38
18,252
18,67
18,239
18,206
18,549
18,234
18,353
18,73
18,236
18,431
18,204
18,430
